1758979587216 0.01 50
1758979600905 0.02 100
1758979614266 0.03 150
1758979627540 0.04 200
1758979640986 0.05 250
1758979654681 0.06 300
1758979668772 0.07 350
1758979682431 0.08 400
1758979696035 0.09 450
1758979709866 0.1 500
1758979723383 0.11 550
1758979736929 0.12 600
1758979750983 0.13 650
1758979765344 0.14 700
1758979779878 0.15 750
1758979794660 0.16 800
1758979809650 0.17 850
1758979824955 0.18 900
1758979840638 0.19 950
1758979855718 0.2 1000
1758979870942 0.21 1050
1758979887015 0.22 1100
1758979903204 0.23 1150
1758979919391 0.24 1200
1758979935013 0.25 1250
1758979949820 0.26 1300
1758979964438 0.27 1350
1758979979438 0.28 1400
1758979993994 0.29 1450
1758980008542 0.3 1500
1758980022841 0.31 1550
1758980036900 0.32 1600
1758980050836 0.33 1650
1758980064682 0.34 1700
1758980078634 0.35 1750
1758980092206 0.36 1800
1758980105826 0.37 1850
1758980119245 0.38 1900
1758980132654 0.39 1950
1758980146101 0.4 2000
1758980159361 0.41 2050
1758980172553 0.42 2100
1758980185497 0.43 2150
1758980198645 0.44 2200
1758980211585 0.45 2250
1758980224639 0.46 2300
1758980237554 0.47 2350
1758980250562 0.48 2400
1758980263616 0.49 2450
1758980276613 0.5 2500
1758980289954 0.51 2550
1758980302971 0.52 2600
1758980316117 0.53 2650
1758980329601 0.54 2700
1758980342977 0.55 2750
1758980356025 0.56 2800
1758980369189 0.57 2850
1758980382474 0.58 2900
1758980395458 0.59 2950
1758980408642 0.6 3000
1758980421837 0.61 3050
1758980435060 0.62 3100
1758980448123 0.63 3150
1758980461918 0.64 3200
1758980475210 0.65 3250
1758980488392 0.66 3300
1758980501497 0.67 3350
1758980514431 0.68 3400
1758980527535 0.69 3450
1758980540512 0.7 3500
1758980553609 0.71 3550
1758980566588 0.72 3600
1758980579630 0.73 3650
1758980592622 0.74 3700
1758980605731 0.75 3750
1758980618934 0.76 3800
1758980631893 0.77 3850
1758980644990 0.78 3900
1758980657933 0.79 3950
1758980671064 0.8 4000
1758980684111 0.81 4050
1758980697051 0.82 4100
1758980710110 0.83 4150
1758980723002 0.84 4200
1758980736047 0.85 4250
1758980748927 0.86 4300
1758980762069 0.87 4350
1758980775275 0.88 4400
1758980788660 0.89 4450
1758980801808 0.9 4500
1758980814776 0.91 4550
1758980827904 0.92 4600
1758980840862 0.93 4650
1758980853936 0.94 4700
1758980867238 0.95 4750
1758980880485 0.96 4800
1758980893583 0.97 4850
1758980906713 0.98 4900
1758980919638 0.99 4950
1758980932776 1.0 5000
1758981028767 1.0 5000
1758981043506 1.01 5050
1758981056509 1.02 5100
1758981069654 1.03 5150
1758981082667 1.04 5200
1758981095747 1.05 5250
1758981108864 1.06 5300
1758981122047 1.07 5350
1758981135132 1.08 5400
1758981148192 1.09 5450
1758981161205 1.1 5500
1758981174503 1.11 5550
1758981187627 1.12 5600
1758981200885 1.13 5650
1758981213960 1.1400000000000001 5700
1758981226968 1.15 5750
1758981240075 1.16 5800
1758981253248 1.17 5850
1758981266490 1.18 5900
1758981279647 1.19 5950
1758981292671 1.2 6000
1758981305757 1.21 6050
1758981318718 1.22 6100
1758981331741 1.23 6150
1758981344858 1.24 6200
1758981357813 1.25 6250
1758981371668 1.26 6300
1758981384903 1.27 6350
1758981398217 1.28 6400
1758981411162 1.29 6450
1758981424370 1.3 6500
1758981437280 1.31 6550
1758981450513 1.32 6600
1758981463495 1.33 6650
1758981476566 1.34 6700
1758981489505 1.35 6750
1758981502604 1.3599999999999999 6800
1758981515649 1.37 6850
1758981528575 1.38 6900
1758981541612 1.3900000000000001 6950
1758981554576 1.4 7000
1758981567725 1.41 7050
1758981580838 1.42 7100
1758981593760 1.43 7150
1758981606927 1.44 7200
1758981620147 1.45 7250
1758981633486 1.46 7300
1758981646601 1.47 7350
1758981659555 1.48 7400
1758981672893 1.49 7450
1758981685907 1.5 7500
1758981699060 1.51 7550
1758981712084 1.52 7600
1758981725253 1.53 7650
1758981738287 1.54 7700
1758981751561 1.55 7750
1758981764674 1.56 7800
1758981777904 1.5699999999999998 7850
1758981791156 1.58 7900
1758981804851 1.5899999999999999 7950
1758981818123 1.6 8000
1758981832012 1.6099999999999999 8050
1758981845472 1.62 8100
1758981858846 1.63 8150
1758981872344 1.6400000000000001 8200
1758981885563 1.65 8250
1758981898747 1.6600000000000001 8300
1758981912377 1.67 8350
1758981925824 1.6800000000000002 8400
1758981939095 1.69 8450
1758981952412 1.7 8500
1758981965586 1.71 8550
1758981978880 1.72 8600
1758981992230 1.73 8650
1758982005540 1.74 8700
1758982018621 1.75 8750
1758982031853 1.76 8800
1758982044918 1.77 8850
1758982058139 1.78 8900
1758982071313 1.79 8950
1758982084504 1.8 9000
1758982097635 1.81 9050
1758982110895 1.8199999999999998 9100
1758982124018 1.83 9150
1758982137455 1.8399999999999999 9200
1758982150687 1.85 9250
1758982163900 1.8599999999999999 9300
1758982177155 1.87 9350
1758982190508 1.88 9400
1758982204819 1.8900000000000001 9450
1758982219155 1.9 9500
1758982233342 1.9100000000000001 9550
1758982247251 1.92 9600
1758982260566 1.9300000000000002 9650
1758982274262 1.94 9700
1758982287635 1.95 9750
1758982300865 1.96 9800
1758982314506 1.97 9850
1758982328013 1.98 9900
1758982341072 1.99 9950
1758982354060 2.0 10000
1758982450708 2.0 10000
1758982465648 2.01 10050
1758982479190 2.02 10100
1758982492358 2.03 10150
1758982505693 2.04 10200
1758982518286 2.05 10250
1758982530177 2.06 10300
1758982542225 2.07 10350
1758982553984 2.08 10400
1758982565889 2.09 10450
1758982577701 2.1 10500
1758982589881 2.11 10550
1758982601724 2.12 10600
1758982613532 2.13 10650
1758982625405 2.14 10700
1758982637263 2.15 10750
1758982649275 2.16 10800
1758982661072 2.17 10850
1758982673005 2.18 10900
1758982684876 2.19 10950
1758982696724 2.2 11000
1758982708599 2.21 11050
1758982720468 2.22 11100
1758982732358 2.23 11150
1758982744979 2.24 11200
1758982757124 2.25 11250
1758982769059 2.26 11300
1758982782852 2.27 11350
1758982795867 2.2800000000000002 11400
1758982808709 2.29 11450
1758982821681 2.3 11500
1758982834558 2.31 11550
1758982847383 2.32 11600
1758982860297 2.33 11650
1758982873120 2.34 11700
1758982886023 2.35 11750
1758982898996 2.36 11800
1758982911800 2.37 11850
1758982924748 2.38 11900
1758982937586 2.39 11950
1758982949988 2.4 12000
1758982962182 2.41 12050
1758982974445 2.42 12100
1758982986363 2.43 12150
1758982998223 2.44 12200
1758983010065 2.45 12250
1758983021900 2.46 12300
1758983033804 2.4699999999999998 12350
1758983045632 2.48 12400
1758983057544 2.49 12450
1758983069620 2.5 12500
1758983081667 2.51 12550
1758983093850 2.52 12600
1758983105882 2.5300000000000002 12650
1758983118011 2.54 12700
1758983130035 2.55 12750
1758983142155 2.56 12800
1758983155695 2.57 12850
1758983169066 2.58 12900
1758983182384 2.59 12950
1758983195548 2.6 13000
1758983208890 2.61 13050
1758983221954 2.62 13100
1758983234997 2.63 13150
1758983248248 2.64 13200
1758983261373 2.65 13250
1758983274493 2.66 13300
1758983287523 2.67 13350
1758983300692 2.68 13400
1758983313740 2.69 13450
1758983326961 2.7 13500
1758983340038 2.71 13550
1758983353365 2.7199999999999998 13600
1758983366633 2.73 13650
1758983379729 2.74 13700
1758983392904 2.75 13750
1758983405906 2.76 13800
1758983419044 2.77 13850
1758983432086 2.7800000000000002 13900
1758983445200 2.79 13950
1758983458296 2.8 14000
1758983471335 2.81 14050
1758983484917 2.82 14100
1758983498320 2.83 14150
1758983511568 2.84 14200
1758983524515 2.85 14250
1758983537511 2.86 14300
1758983550403 2.87 14350
1758983563391 2.88 14400
1758983576461 2.89 14450
1758983589997 2.9 14500
1758983603098 2.91 14550
1758983616199 2.92 14600
1758983629221 2.93 14650
1758983642094 2.94 14700
1758983655114 2.95 14750
1758983668130 2.96 14800
1758983681401 2.9699999999999998 14850
1758983694587 2.98 14900
1758983707607 2.99 14950
1758983720768 3.0 15000
1758983817672 3.0 15000
1758983820179 3.0 15000
1758983916105 3.0 15000
