1758979587216 5.344772815704346 50
1758979600905 6.8711957931518555 100
1758979614266 12.593491554260254 150
1758979627540 5.525310039520264 200
1758979640986 6.999749660491943 250
1758979654681 9.354878425598145 300
1758979668772 4.300534725189209 350
1758979682431 4.978840351104736 400
1758979696035 4.636188983917236 450
1758979709866 8.724559783935547 500
1758979723383 6.934088706970215 550
1758979736929 3.7106363773345947 600
1758979750983 5.943664073944092 650
1758979765344 5.009985446929932 700
1758979779878 6.925821781158447 750
1758979794660 5.001769542694092 800
1758979809650 6.190363883972168 850
1758979824955 7.488106727600098 900
1758979840638 13.141141891479492 950
1758979855718 3.951498031616211 1000
1758979870942 11.295831680297852 1050
1758979887015 4.832376956939697 1100
1758979903204 6.394484043121338 1150
1758979919391 6.1298346519470215 1200
1758979935013 4.321812152862549 1250
1758979949820 11.490168571472168 1300
1758979964438 7.491426944732666 1350
1758979979438 5.515560150146484 1400
1758979993994 8.099772453308105 1450
1758980008542 5.712674617767334 1500
1758980022841 6.960524559020996 1550
1758980036900 6.607809543609619 1600
1758980050836 10.26701831817627 1650
1758980064682 4.9078049659729 1700
1758980078634 6.597475051879883 1750
1758980092206 5.679938316345215 1800
1758980105826 4.951718807220459 1850
1758980119245 9.223169326782227 1900
1758980132654 7.379154682159424 1950
1758980146101 9.209599494934082 2000
1758980159361 4.172817707061768 2050
1758980172553 6.022327423095703 2100
1758980185497 5.441179275512695 2150
1758980198645 6.455663681030273 2200
1758980211585 12.26065444946289 2250
1758980224639 9.674345970153809 2300
1758980237554 4.9853291511535645 2350
1758980250562 6.287136554718018 2400
1758980263616 5.986032009124756 2450
1758980276613 3.749948024749756 2500
1758980289954 6.324042320251465 2550
1758980302971 4.527888774871826 2600
1758980316117 7.032546043395996 2650
1758980329601 2.9633636474609375 2700
1758980342977 3.863325357437134 2750
1758980356025 5.32541036605835 2800
1758980369189 6.296616077423096 2850
1758980382474 7.147110939025879 2900
1758980395458 5.902435302734375 2950
1758980408642 4.998075485229492 3000
1758980421837 6.462520599365234 3050
1758980435060 5.54133415222168 3100
1758980448123 4.732916831970215 3150
1758980461918 8.138550758361816 3200
1758980475210 6.391497611999512 3250
1758980488392 3.899466037750244 3300
1758980501497 5.186470031738281 3350
1758980514431 6.369391918182373 3400
1758980527535 4.968804836273193 3450
1758980540512 10.1649169921875 3500
1758980553609 2.7012970447540283 3550
1758980566588 5.827719211578369 3600
1758980579630 5.251249313354492 3650
1758980592622 5.615396499633789 3700
1758980605731 4.4639787673950195 3750
1758980618934 5.72511100769043 3800
1758980631893 2.727504014968872 3850
1758980644990 6.007932186126709 3900
1758980657933 8.477312088012695 3950
1758980671064 7.0425333976745605 4000
1758980684111 7.649315357208252 4050
1758980697051 9.973725318908691 4100
1758980710110 7.587158203125 4150
1758980723002 5.673734664916992 4200
1758980736047 5.003971099853516 4250
1758980748927 11.267866134643555 4300
1758980762069 7.716931343078613 4350
1758980775275 5.054037094116211 4400
1758980788660 5.237414360046387 4450
1758980801808 7.4419660568237305 4500
1758980814776 6.988566875457764 4550
1758980827904 3.7658371925354004 4600
1758980840862 4.765334606170654 4650
1758980853936 7.1189961433410645 4700
1758980867238 6.908238410949707 4750
1758980880485 3.6529083251953125 4800
1758980893583 5.438039302825928 4850
1758980906713 7.20046329498291 4900
1758980919638 5.904263019561768 4950
1758980932776 7.209866046905518 5000
1758981043506 8.45211410522461 5050
1758981056509 4.994382858276367 5100
1758981069654 3.381624460220337 5150
1758981082667 3.5044381618499756 5200
1758981095747 4.839697360992432 5250
1758981108864 5.475976467132568 5300
1758981122047 16.637460708618164 5350
1758981135132 6.375245094299316 5400
1758981148192 3.980120897293091 5450
1758981161205 6.783461570739746 5500
1758981174503 6.4541850090026855 5550
1758981187627 6.623082637786865 5600
1758981200885 9.651576042175293 5650
1758981213960 7.354153633117676 5700
1758981226968 5.085587978363037 5750
1758981240075 15.737065315246582 5800
1758981253248 4.582735538482666 5850
1758981266490 6.635570049285889 5900
1758981279647 16.10595703125 5950
1758981292671 9.553956031799316 6000
1758981305757 7.895406723022461 6050
1758981318718 8.323980331420898 6100
1758981331741 6.342010974884033 6150
1758981344858 11.902364730834961 6200
1758981357813 2.7079126834869385 6250
1758981371668 11.343742370605469 6300
1758981384903 8.79468059539795 6350
1758981398217 10.467040061950684 6400
1758981411162 5.301178932189941 6450
1758981424370 14.157625198364258 6500
1758981437280 12.107598304748535 6550
1758981450513 5.962731838226318 6600
1758981463495 4.608113765716553 6650
1758981476566 8.218273162841797 6700
1758981489505 6.403448104858398 6750
1758981502604 3.0029475688934326 6800
1758981515649 4.773914813995361 6850
1758981528575 9.479048728942871 6900
1758981541612 6.516977310180664 6950
1758981554576 15.584980964660645 7000
1758981567725 11.213088989257812 7050
1758981580838 7.50203800201416 7100
1758981593760 7.825450420379639 7150
1758981606927 12.580007553100586 7200
1758981620147 5.126935958862305 7250
1758981633486 9.621979713439941 7300
1758981646601 4.938562870025635 7350
1758981659555 12.642586708068848 7400
1758981672893 11.529891014099121 7450
1758981685907 11.41275405883789 7500
1758981699060 8.311355590820312 7550
1758981712084 7.814065456390381 7600
1758981725253 7.694883823394775 7650
1758981738287 10.444441795349121 7700
1758981751561 10.530588150024414 7750
1758981764674 7.250635623931885 7800
1758981777904 4.699455261230469 7850
1758981791156 13.370626449584961 7900
1758981804851 9.621079444885254 7950
1758981818123 11.454743385314941 8000
1758981832012 6.095942497253418 8050
1758981845472 7.900422096252441 8100
1758981858846 4.2444634437561035 8150
1758981872344 2.657421350479126 8200
1758981885563 23.40032386779785 8250
1758981898747 11.30942153930664 8300
1758981912377 18.91507339477539 8350
1758981925824 18.22410774230957 8400
1758981939095 10.912609100341797 8450
1758981952412 4.9479451179504395 8500
1758981965586 10.05781364440918 8550
1758981978880 10.354562759399414 8600
1758981992230 5.84157133102417 8650
1758982005540 5.773036956787109 8700
1758982018621 3.659296751022339 8750
1758982031853 11.816167831420898 8800
1758982044918 11.52859878540039 8850
1758982058139 7.291630268096924 8900
1758982071313 5.961377143859863 8950
1758982084504 12.215112686157227 9000
1758982097635 9.713480949401855 9050
1758982110895 8.44453239440918 9100
1758982124018 11.36149787902832 9150
1758982137455 5.68441915512085 9200
1758982150687 4.786337375640869 9250
1758982163900 14.690387725830078 9300
1758982177155 6.362788677215576 9350
1758982190508 7.167112827301025 9400
1758982204819 4.3330888748168945 9450
1758982219155 8.154571533203125 9500
1758982233342 7.704105854034424 9550
1758982247251 6.644885063171387 9600
1758982260566 15.386045455932617 9650
1758982274262 7.461873531341553 9700
1758982287635 10.428385734558105 9750
1758982300865 10.52477741241455 9800
1758982314506 9.5706787109375 9850
1758982328013 17.250600814819336 9900
1758982341072 7.95758056640625 9950
1758982354060 12.440793991088867 10000
1758982465648 11.443388938903809 10050
1758982479190 2.930330753326416 10100
1758982492358 6.758123397827148 10150
1758982505693 13.881993293762207 10200
1758982518286 16.52507972717285 10250
1758982530177 4.241406440734863 10300
1758982542225 8.584084510803223 10350
1758982553984 9.908321380615234 10400
1758982565889 4.164159774780273 10450
1758982577701 10.831950187683105 10500
1758982589881 15.457306861877441 10550
1758982601724 10.431474685668945 10600
1758982613532 4.115564823150635 10650
1758982625405 20.584379196166992 10700
1758982637263 7.331389904022217 10750
1758982649275 14.2490816116333 10800
1758982661072 5.734891891479492 10850
1758982673005 17.194292068481445 10900
1758982684876 8.443053245544434 10950
1758982696724 2.6090645790100098 11000
1758982708599 23.261425018310547 11050
1758982720468 9.92306137084961 11100
1758982732358 5.836963176727295 11150
1758982744979 14.2246732711792 11200
1758982757124 18.931949615478516 11250
1758982769059 13.690876007080078 11300
1758982782852 2.3708770275115967 11350
1758982795867 4.724065780639648 11400
1758982808709 24.111522674560547 11450
1758982821681 7.005539894104004 11500
1758982834558 10.349106788635254 11550
1758982847383 2.464853048324585 11600
1758982860297 18.472936630249023 11650
1758982873120 7.347952365875244 11700
1758982886023 11.96146297454834 11750
1758982898996 14.591470718383789 11800
1758982911800 11.56184196472168 11850
1758982924748 7.716399192810059 11900
1758982937586 6.026783466339111 11950
1758982949988 2.066439628601074 12000
1758982962182 1.8329213857650757 12050
1758982974445 9.190500259399414 12100
1758982986363 9.703048706054688 12150
1758982998223 31.385419845581055 12200
1758983010065 15.036324501037598 12250
1758983021900 9.92594051361084 12300
1758983033804 25.88104248046875 12350
1758983045632 20.81867790222168 12400
1758983057544 5.204020977020264 12450
1758983069620 8.6484375 12500
1758983081667 10.213767051696777 12550
1758983093850 12.525842666625977 12600
1758983105882 20.629283905029297 12650
1758983118011 7.699410438537598 12700
1758983130035 19.653148651123047 12750
1758983142155 14.865643501281738 12800
1758983155695 16.506927490234375 12850
1758983169066 8.669123649597168 12900
1758983182384 19.970523834228516 12950
1758983195548 21.558551788330078 13000
1758983208890 6.870919227600098 13050
1758983221954 16.839752197265625 13100
1758983234997 10.409027099609375 13150
1758983248248 7.675318717956543 13200
1758983261373 2.7654590606689453 13250
1758983274493 11.289435386657715 13300
1758983287523 4.359484672546387 13350
1758983300692 11.1398344039917 13400
1758983313740 13.728433609008789 13450
1758983326961 0.650696873664856 13500
1758983340038 12.045539855957031 13550
1758983353365 3.804914951324463 13600
1758983366633 16.06173324584961 13650
1758983379729 1.926142692565918 13700
1758983392904 35.412635803222656 13750
1758983405906 10.833596229553223 13800
1758983419044 59.88912582397461 13850
1758983432086 7.524404048919678 13900
1758983445200 14.164684295654297 13950
1758983458296 19.53306007385254 14000
1758983471335 1.872678518295288 14050
1758983484917 9.922277450561523 14100
1758983498320 21.30556869506836 14150
1758983511568 9.783020973205566 14200
1758983524515 7.256778240203857 14250
1758983537511 16.14115333557129 14300
1758983550403 11.564689636230469 14350
1758983563391 14.479718208312988 14400
1758983576461 15.174694061279297 14450
1758983589997 10.853438377380371 14500
1758983603098 28.88530921936035 14550
1758983616199 2.9414279460906982 14600
1758983629221 21.76886558532715 14650
1758983642094 18.685998916625977 14700
1758983655114 7.907751083374023 14750
1758983668130 1.5528490543365479 14800
1758983681401 19.292098999023438 14850
1758983694587 11.705970764160156 14900
1758983707607 14.291853904724121 14950
1758983720768 14.437766075134277 15000
