1758979587216 1.9934666666666667e-05 50
1758979600905 1.9868e-05 100
1758979614266 1.9801333333333333e-05 150
1758979627540 1.973466666666667e-05 200
1758979640986 1.9668000000000002e-05 250
1758979654681 1.9601333333333335e-05 300
1758979668772 1.9534666666666668e-05 350
1758979682431 1.9468000000000004e-05 400
1758979696035 1.9401333333333333e-05 450
1758979709866 1.933466666666667e-05 500
1758979723383 1.9268000000000003e-05 550
1758979736929 1.9201333333333335e-05 600
1758979750983 1.9134666666666668e-05 650
1758979765344 1.9068e-05 700
1758979779878 1.9001333333333334e-05 750
1758979794660 1.8934666666666667e-05 800
1758979809650 1.8868000000000003e-05 850
1758979824955 1.8801333333333336e-05 900
1758979840638 1.873466666666667e-05 950
1758979855718 1.8668e-05 1000
1758979870942 1.8601333333333334e-05 1050
1758979887015 1.8534666666666667e-05 1100
1758979903204 1.8468e-05 1150
1758979919391 1.8401333333333336e-05 1200
1758979935013 1.8334666666666666e-05 1250
1758979949820 1.8268000000000002e-05 1300
1758979964438 1.8201333333333335e-05 1350
1758979979438 1.8134666666666668e-05 1400
1758979993994 1.8068e-05 1450
1758980008542 1.8001333333333337e-05 1500
1758980022841 1.793466666666667e-05 1550
1758980036900 1.7868000000000002e-05 1600
1758980050836 1.7801333333333335e-05 1650
1758980064682 1.7734666666666668e-05 1700
1758980078634 1.7668e-05 1750
1758980092206 1.7601333333333334e-05 1800
1758980105826 1.753466666666667e-05 1850
1758980119245 1.7468e-05 1900
1758980132654 1.7401333333333336e-05 1950
1758980146101 1.733466666666667e-05 2000
1758980159361 1.7268e-05 2050
1758980172553 1.7201333333333334e-05 2100
1758980185497 1.7134666666666667e-05 2150
1758980198645 1.7068000000000003e-05 2200
1758980211585 1.7001333333333333e-05 2250
1758980224639 1.693466666666667e-05 2300
1758980237554 1.6868000000000002e-05 2350
1758980250562 1.6801333333333335e-05 2400
1758980263616 1.6734666666666667e-05 2450
1758980276613 1.6668e-05 2500
1758980289954 1.6601333333333333e-05 2550
1758980302971 1.653466666666667e-05 2600
1758980316117 1.6468000000000002e-05 2650
1758980329601 1.6401333333333335e-05 2700
1758980342977 1.6334666666666668e-05 2750
1758980356025 1.6268e-05 2800
1758980369189 1.6201333333333337e-05 2850
1758980382474 1.6134666666666666e-05 2900
1758980395458 1.6068000000000003e-05 2950
1758980408642 1.6001333333333336e-05 3000
1758980421837 1.593466666666667e-05 3050
1758980435060 1.5868e-05 3100
1758980448123 1.5801333333333334e-05 3150
1758980461918 1.5734666666666667e-05 3200
1758980475210 1.5668e-05 3250
1758980488392 1.5601333333333336e-05 3300
1758980501497 1.553466666666667e-05 3350
1758980514431 1.5468e-05 3400
1758980527535 1.5401333333333335e-05 3450
1758980540512 1.5334666666666667e-05 3500
1758980553609 1.5268e-05 3550
1758980566588 1.5201333333333335e-05 3600
1758980579630 1.513466666666667e-05 3650
1758980592622 1.5068e-05 3700
1758980605731 1.5001333333333335e-05 3750
1758980618934 1.4934666666666668e-05 3800
1758980631893 1.4868e-05 3850
1758980644990 1.4801333333333333e-05 3900
1758980657933 1.4734666666666668e-05 3950
1758980671064 1.4668000000000003e-05 4000
1758980684111 1.4601333333333334e-05 4050
1758980697051 1.4534666666666668e-05 4100
1758980710110 1.4468000000000003e-05 4150
1758980723002 1.4401333333333334e-05 4200
1758980736047 1.4334666666666668e-05 4250
1758980748927 1.4268000000000001e-05 4300
1758980762069 1.4201333333333334e-05 4350
1758980775275 1.4134666666666667e-05 4400
1758980788660 1.4068000000000002e-05 4450
1758980801808 1.4001333333333333e-05 4500
1758980814776 1.3934666666666667e-05 4550
1758980827904 1.3868000000000002e-05 4600
1758980840862 1.3801333333333336e-05 4650
1758980853936 1.3734666666666667e-05 4700
1758980867238 1.3668000000000002e-05 4750
1758980880485 1.3601333333333335e-05 4800
1758980893583 1.3534666666666668e-05 4850
1758980906713 1.3468e-05 4900
1758980919638 1.3401333333333335e-05 4950
1758980932776 1.3334666666666666e-05 5000
1758981043506 1.3268e-05 5050
1758981056509 1.3201333333333335e-05 5100
1758981069654 1.3134666666666666e-05 5150
1758981082667 1.3068000000000001e-05 5200
1758981095747 1.3001333333333335e-05 5250
1758981108864 1.2934666666666668e-05 5300
1758981122047 1.2868000000000001e-05 5350
1758981135132 1.2801333333333334e-05 5400
1758981148192 1.2734666666666669e-05 5450
1758981161205 1.2668e-05 5500
1758981174503 1.2601333333333334e-05 5550
1758981187627 1.2534666666666669e-05 5600
1758981200885 1.2468e-05 5650
1758981213960 1.2401333333333334e-05 5700
1758981226968 1.2334666666666669e-05 5750
1758981240075 1.2268e-05 5800
1758981253248 1.2201333333333335e-05 5850
1758981266490 1.2134666666666667e-05 5900
1758981279647 1.2068000000000002e-05 5950
1758981292671 1.2001333333333333e-05 6000
1758981305757 1.1934666666666668e-05 6050
1758981318718 1.1868000000000002e-05 6100
1758981331741 1.1801333333333333e-05 6150
1758981344858 1.1734666666666668e-05 6200
1758981357813 1.1668e-05 6250
1758981371668 1.1601333333333334e-05 6300
1758981384903 1.1534666666666668e-05 6350
1758981398217 1.1468000000000001e-05 6400
1758981411162 1.1401333333333336e-05 6450
1758981424370 1.1334666666666667e-05 6500
1758981437280 1.1268000000000001e-05 6550
1758981450513 1.1201333333333336e-05 6600
1758981463495 1.1134666666666667e-05 6650
1758981476566 1.1068000000000001e-05 6700
1758981489505 1.1001333333333334e-05 6750
1758981502604 1.0934666666666667e-05 6800
1758981515649 1.0868e-05 6850
1758981528575 1.0801333333333334e-05 6900
1758981541612 1.0734666666666667e-05 6950
1758981554576 1.0668e-05 7000
1758981567725 1.0601333333333335e-05 7050
1758981580838 1.053466666666667e-05 7100
1758981593760 1.0468e-05 7150
1758981606927 1.0401333333333335e-05 7200
1758981620147 1.0334666666666668e-05 7250
1758981633486 1.0268e-05 7300
1758981646601 1.0201333333333333e-05 7350
1758981659555 1.0134666666666668e-05 7400
1758981672893 1.0067999999999999e-05 7450
1758981685907 1.0001333333333334e-05 7500
1758981699060 9.934666666666668e-06 7550
1758981712084 9.868000000000001e-06 7600
1758981725253 9.801333333333334e-06 7650
1758981738287 9.734666666666668e-06 7700
1758981751561 9.668000000000001e-06 7750
1758981764674 9.601333333333334e-06 7800
1758981777904 9.534666666666667e-06 7850
1758981791156 9.468e-06 7900
1758981804851 9.401333333333334e-06 7950
1758981818123 9.334666666666667e-06 8000
1758981832012 9.268e-06 8050
1758981845472 9.201333333333335e-06 8100
1758981858846 9.134666666666667e-06 8150
1758981872344 9.068000000000002e-06 8200
1758981885563 9.001333333333335e-06 8250
1758981898747 8.934666666666668e-06 8300
1758981912377 8.868e-06 8350
1758981925824 8.801333333333333e-06 8400
1758981939095 8.734666666666666e-06 8450
1758981952412 8.668e-06 8500
1758981965586 8.601333333333334e-06 8550
1758981978880 8.534666666666668e-06 8600
1758981992230 8.468000000000001e-06 8650
1758982005540 8.401333333333334e-06 8700
1758982018621 8.334666666666668e-06 8750
1758982031853 8.268000000000001e-06 8800
1758982044918 8.201333333333334e-06 8850
1758982058139 8.134666666666667e-06 8900
1758982071313 8.068e-06 8950
1758982084504 8.001333333333334e-06 9000
1758982097635 7.934666666666667e-06 9050
1758982110895 7.868000000000002e-06 9100
1758982124018 7.801333333333334e-06 9150
1758982137455 7.734666666666667e-06 9200
1758982150687 7.668000000000002e-06 9250
1758982163900 7.601333333333334e-06 9300
1758982177155 7.534666666666667e-06 9350
1758982190508 7.468000000000001e-06 9400
1758982204819 7.401333333333334e-06 9450
1758982219155 7.334666666666668e-06 9500
1758982233342 7.2680000000000005e-06 9550
1758982247251 7.201333333333333e-06 9600
1758982260566 7.134666666666668e-06 9650
1758982274262 7.068000000000001e-06 9700
1758982287635 7.0013333333333345e-06 9750
1758982300865 6.934666666666667e-06 9800
1758982314506 6.868e-06 9850
1758982328013 6.801333333333334e-06 9900
1758982341072 6.7346666666666675e-06 9950
1758982354060 6.668e-06 10000
1758982465648 6.601333333333334e-06 10050
1758982479190 6.534666666666667e-06 10100
1758982492358 6.468000000000001e-06 10150
1758982505693 6.4013333333333334e-06 10200
1758982518286 6.334666666666667e-06 10250
1758982530177 6.268000000000001e-06 10300
1758982542225 6.201333333333334e-06 10350
1758982553984 6.134666666666667e-06 10400
1758982565889 6.068e-06 10450
1758982577701 6.001333333333334e-06 10500
1758982589881 5.9346666666666676e-06 10550
1758982601724 5.868e-06 10600
1758982613532 5.801333333333333e-06 10650
1758982625405 5.734666666666667e-06 10700
1758982637263 5.668e-06 10750
1758982649275 5.601333333333334e-06 10800
1758982661072 5.534666666666667e-06 10850
1758982673005 5.468e-06 10900
1758982684876 5.401333333333334e-06 10950
1758982696724 5.3346666666666665e-06 11000
1758982708599 5.268000000000001e-06 11050
1758982720468 5.201333333333334e-06 11100
1758982732358 5.134666666666667e-06 11150
1758982744979 5.0680000000000004e-06 11200
1758982757124 5.001333333333333e-06 11250
1758982769059 4.934666666666667e-06 11300
1758982782852 4.868000000000001e-06 11350
1758982795867 4.801333333333334e-06 11400
1758982808709 4.734666666666667e-06 11450
1758982821681 4.668e-06 11500
1758982834558 4.601333333333334e-06 11550
1758982847383 4.534666666666667e-06 11600
1758982860297 4.468e-06 11650
1758982873120 4.401333333333334e-06 11700
1758982886023 4.334666666666667e-06 11750
1758982898996 4.2680000000000005e-06 11800
1758982911800 4.201333333333334e-06 11850
1758982924748 4.134666666666667e-06 11900
1758982937586 4.068000000000001e-06 11950
1758982949988 4.0013333333333335e-06 12000
1758982962182 3.934666666666667e-06 12050
1758982974445 3.868e-06 12100
1758982986363 3.8013333333333333e-06 12150
1758982998223 3.734666666666667e-06 12200
1758983010065 3.6680000000000003e-06 12250
1758983021900 3.601333333333334e-06 12300
1758983033804 3.534666666666667e-06 12350
1758983045632 3.468e-06 12400
1758983057544 3.4013333333333338e-06 12450
1758983069620 3.334666666666667e-06 12500
1758983081667 3.268e-06 12550
1758983093850 3.2013333333333336e-06 12600
1758983105882 3.134666666666667e-06 12650
1758983118011 3.0680000000000005e-06 12700
1758983130035 3.0013333333333334e-06 12750
1758983142155 2.9346666666666666e-06 12800
1758983155695 2.8680000000000003e-06 12850
1758983169066 2.8013333333333336e-06 12900
1758983182384 2.7346666666666673e-06 12950
1758983195548 2.668e-06 13000
1758983208890 2.6013333333333334e-06 13050
1758983221954 2.534666666666667e-06 13100
1758983234997 2.468e-06 13150
1758983248248 2.4013333333333336e-06 13200
1758983261373 2.334666666666667e-06 13250
1758983274493 2.268e-06 13300
1758983287523 2.2013333333333334e-06 13350
1758983300692 2.1346666666666667e-06 13400
1758983313740 2.0680000000000004e-06 13450
1758983326961 2.0013333333333336e-06 13500
1758983340038 1.934666666666667e-06 13550
1758983353365 1.8680000000000002e-06 13600
1758983366633 1.8013333333333336e-06 13650
1758983379729 1.7346666666666667e-06 13700
1758983392904 1.6680000000000002e-06 13750
1758983405906 1.6013333333333334e-06 13800
1758983419044 1.534666666666667e-06 13850
1758983432086 1.4680000000000002e-06 13900
1758983445200 1.4013333333333334e-06 13950
1758983458296 1.334666666666667e-06 14000
1758983471335 1.268e-06 14050
1758983484917 1.2013333333333334e-06 14100
1758983498320 1.1346666666666667e-06 14150
1758983511568 1.0680000000000002e-06 14200
1758983524515 1.0013333333333335e-06 14250
1758983537511 9.346666666666668e-07 14300
1758983550403 8.680000000000001e-07 14350
1758983563391 8.013333333333334e-07 14400
1758983576461 7.346666666666667e-07 14450
1758983589997 6.68e-07 14500
1758983603098 6.013333333333334e-07 14550
1758983616199 5.346666666666667e-07 14600
1758983629221 4.6800000000000006e-07 14650
1758983642094 4.013333333333334e-07 14700
1758983655114 3.346666666666667e-07 14750
1758983668130 2.68e-07 14800
1758983681401 2.0133333333333334e-07 14850
1758983694587 1.3466666666666668e-07 14900
1758983707607 6.8e-08 14950
1758983720768 1.3333333333333335e-09 15000
