1758979587216 0.6053 50
1758979600905 0.5617 100
1758979614266 0.5535 150
1758979627540 0.5445 200
1758979640986 0.539 250
1758979654681 0.5311 300
1758979668772 0.5175 350
1758979682431 0.5186 400
1758979696035 0.5291 450
1758979709866 0.4613 500
1758979723383 0.469 550
1758979736929 0.4709 600
1758979750983 0.4849 650
1758979765344 0.4576 700
1758979779878 0.4609 750
1758979794660 0.4673 800
1758979809650 0.4721 850
1758979824955 0.4568 900
1758979840638 0.4902 950
1758979855718 0.4382 1000
1758979870942 0.4821 1050
1758979887015 0.4704 1100
1758979903204 0.4422 1150
1758979919391 0.4149 1200
1758979935013 0.4817 1250
1758979949820 0.4609 1300
1758979964438 0.4436 1350
1758979979438 0.4168 1400
1758979993994 0.427 1450
1758980008542 0.4686 1500
1758980022841 0.4551 1550
1758980036900 0.4302 1600
1758980050836 0.4091 1650
1758980064682 0.4728 1700
1758980078634 0.4421 1750
1758980092206 0.4583 1800
1758980105826 0.3999 1850
1758980119245 0.4274 1900
1758980132654 0.4411 1950
1758980146101 0.4306 2000
1758980159361 0.4428 2050
1758980172553 0.4558 2100
1758980185497 0.4233 2150
1758980198645 0.4555 2200
1758980211585 0.4317 2250
1758980224639 0.4418 2300
1758980237554 0.4259 2350
1758980250562 0.4347 2400
1758980263616 0.427 2450
1758980276613 0.4325 2500
1758980289954 0.408 2550
1758980302971 0.4332 2600
1758980316117 0.4356 2650
1758980329601 0.3983 2700
1758980342977 0.4007 2750
1758980356025 0.4319 2800
1758980369189 0.4274 2850
1758980382474 0.3795 2900
1758980395458 0.4282 2950
1758980408642 0.4441 3000
1758980421837 0.4675 3050
1758980435060 0.3953 3100
1758980448123 0.3897 3150
1758980461918 0.407 3200
1758980475210 0.4322 3250
1758980488392 0.4235 3300
1758980501497 0.4175 3350
1758980514431 0.4211 3400
1758980527535 0.4388 3450
1758980540512 0.4339 3500
1758980553609 0.4108 3550
1758980566588 0.4085 3600
1758980579630 0.3982 3650
1758980592622 0.4339 3700
1758980605731 0.4436 3750
1758980618934 0.3859 3800
1758980631893 0.4008 3850
1758980644990 0.4203 3900
1758980657933 0.4424 3950
1758980671064 0.4008 4000
1758980684111 0.4115 4050
1758980697051 0.371 4100
1758980710110 0.4085 4150
1758980723002 0.4138 4200
1758980736047 0.4313 4250
1758980748927 0.3997 4300
1758980762069 0.4108 4350
1758980775275 0.4216 4400
1758980788660 0.4164 4450
1758980801808 0.387 4500
1758980814776 0.4366 4550
1758980827904 0.4429 4600
1758980840862 0.4169 4650
1758980853936 0.3974 4700
1758980867238 0.4088 4750
1758980880485 0.3715 4800
1758980893583 0.4141 4850
1758980906713 0.3806 4900
1758980919638 0.403 4950
1758980932776 0.391 5000
1758981043506 0.3559 5050
1758981056509 0.3188 5100
1758981069654 0.3447 5150
1758981082667 0.3086 5200
1758981095747 0.3234 5250
1758981108864 0.3266 5300
1758981122047 0.2821 5350
1758981135132 0.3485 5400
1758981148192 0.3471 5450
1758981161205 0.3409 5500
1758981174503 0.2992 5550
1758981187627 0.3358 5600
1758981200885 0.3319 5650
1758981213960 0.3369 5700
1758981226968 0.3645 5750
1758981240075 0.3137 5800
1758981253248 0.3025 5850
1758981266490 0.357 5900
1758981279647 0.2925 5950
1758981292671 0.2891 6000
1758981305757 0.2835 6050
1758981318718 0.3721 6100
1758981331741 0.3333 6150
1758981344858 0.3062 6200
1758981357813 0.353 6250
1758981371668 0.3233 6300
1758981384903 0.3257 6350
1758981398217 0.368 6400
1758981411162 0.2893 6450
1758981424370 0.3372 6500
1758981437280 0.3102 6550
1758981450513 0.3569 6600
1758981463495 0.3655 6650
1758981476566 0.3181 6700
1758981489505 0.3553 6750
1758981502604 0.3178 6800
1758981515649 0.3297 6850
1758981528575 0.3252 6900
1758981541612 0.3297 6950
1758981554576 0.339 7000
1758981567725 0.322 7050
1758981580838 0.3391 7100
1758981593760 0.3197 7150
1758981606927 0.3007 7200
1758981620147 0.3722 7250
1758981633486 0.3249 7300
1758981646601 0.338 7350
1758981659555 0.3399 7400
1758981672893 0.3313 7450
1758981685907 0.2946 7500
1758981699060 0.2917 7550
1758981712084 0.3305 7600
1758981725253 0.3167 7650
1758981738287 0.3357 7700
1758981751561 0.311 7750
1758981764674 0.3405 7800
1758981777904 0.3491 7850
1758981791156 0.2922 7900
1758981804851 0.3475 7950
1758981818123 0.3014 8000
1758981832012 0.3478 8050
1758981845472 0.3221 8100
1758981858846 0.367 8150
1758981872344 0.2955 8200
1758981885563 0.3158 8250
1758981898747 0.3379 8300
1758981912377 0.3023 8350
1758981925824 0.3357 8400
1758981939095 0.2858 8450
1758981952412 0.279 8500
1758981965586 0.3089 8550
1758981978880 0.3178 8600
1758981992230 0.3374 8650
1758982005540 0.3118 8700
1758982018621 0.3236 8750
1758982031853 0.3479 8800
1758982044918 0.2889 8850
1758982058139 0.3817 8900
1758982071313 0.298 8950
1758982084504 0.3636 9000
1758982097635 0.3111 9050
1758982110895 0.3269 9100
1758982124018 0.3296 9150
1758982137455 0.3357 9200
1758982150687 0.2889 9250
1758982163900 0.3262 9300
1758982177155 0.2957 9350
1758982190508 0.3131 9400
1758982204819 0.2663 9450
1758982219155 0.3004 9500
1758982233342 0.2968 9550
1758982247251 0.3511 9600
1758982260566 0.2886 9650
1758982274262 0.3075 9700
1758982287635 0.3316 9750
1758982300865 0.2903 9800
1758982314506 0.3388 9850
1758982328013 0.289 9900
1758982341072 0.3215 9950
1758982354060 0.3385 10000
1758982465648 0.2609 10050
1758982479190 0.229 10100
1758982492358 0.2357 10150
1758982505693 0.2794 10200
1758982518286 0.2558 10250
1758982530177 0.2337 10300
1758982542225 0.2425 10350
1758982553984 0.2448 10400
1758982565889 0.233 10450
1758982577701 0.2722 10500
1758982589881 0.2419 10550
1758982601724 0.2303 10600
1758982613532 0.2282 10650
1758982625405 0.2355 10700
1758982637263 0.2585 10750
1758982649275 0.2402 10800
1758982661072 0.2398 10850
1758982673005 0.2162 10900
1758982684876 0.2519 10950
1758982696724 0.2592 11000
1758982708599 0.2678 11050
1758982720468 0.2265 11100
1758982732358 0.2806 11150
1758982744979 0.2546 11200
1758982757124 0.2456 11250
1758982769059 0.2747 11300
1758982782852 0.2114 11350
1758982795867 0.2506 11400
1758982808709 0.2751 11450
1758982821681 0.2303 11500
1758982834558 0.2872 11550
1758982847383 0.2749 11600
1758982860297 0.2387 11650
1758982873120 0.2056 11700
1758982886023 0.2534 11750
1758982898996 0.2367 11800
1758982911800 0.2487 11850
1758982924748 0.2213 11900
1758982937586 0.2347 11950
1758982949988 0.2301 12000
1758982962182 0.2404 12050
1758982974445 0.2308 12100
1758982986363 0.2533 12150
1758982998223 0.2314 12200
1758983010065 0.2491 12250
1758983021900 0.2355 12300
1758983033804 0.2407 12350
1758983045632 0.2111 12400
1758983057544 0.2557 12450
1758983069620 0.2099 12500
1758983081667 0.2382 12550
1758983093850 0.2476 12600
1758983105882 0.2369 12650
1758983118011 0.2586 12700
1758983130035 0.2142 12750
1758983142155 0.2283 12800
1758983155695 0.2522 12850
1758983169066 0.2456 12900
1758983182384 0.2411 12950
1758983195548 0.2146 13000
1758983208890 0.2685 13050
1758983221954 0.2193 13100
1758983234997 0.207 13150
1758983248248 0.2541 13200
1758983261373 0.2382 13250
1758983274493 0.2436 13300
1758983287523 0.2389 13350
1758983300692 0.2052 13400
1758983313740 0.2655 13450
1758983326961 0.2558 13500
1758983340038 0.215 13550
1758983353365 0.2618 13600
1758983366633 0.1882 13650
1758983379729 0.2347 13700
1758983392904 0.2066 13750
1758983405906 0.2059 13800
1758983419044 0.2287 13850
1758983432086 0.2594 13900
1758983445200 0.2221 13950
1758983458296 0.2428 14000
1758983471335 0.2243 14050
1758983484917 0.2283 14100
1758983498320 0.2199 14150
1758983511568 0.2423 14200
1758983524515 0.288 14250
1758983537511 0.2338 14300
1758983550403 0.2595 14350
1758983563391 0.2125 14400
1758983576461 0.2624 14450
1758983589997 0.2152 14500
1758983603098 0.2495 14550
1758983616199 0.2664 14600
1758983629221 0.2298 14650
1758983642094 0.2417 14700
1758983655114 0.2204 14750
1758983668130 0.2188 14800
1758983681401 0.2246 14850
1758983694587 0.2077 14900
1758983707607 0.2718 14950
1758983720768 0.1823 15000
